(kicad_pcb (version 20171130) (host pcbnew 5.1.4)

  (general
    (thickness 1.6)
    (drawings 8)
    (tracks 56)
    (zones 0)
    (modules 16)
    (nets 16)
  )

  (page A4)
  (layers
    (0 F.Cu signal)
    (31 B.Cu signal)
    (32 B.Adhes user)
    (33 F.Adhes user)
    (34 B.Paste user)
    (35 F.Paste user)
    (36 B.SilkS user)
    (37 F.SilkS user)
    (38 B.Mask user)
    (39 F.Mask user)
    (40 Dwgs.User user)
    (41 Cmts.User user)
    (42 Eco1.User user)
    (43 Eco2.User user)
    (44 Edge.Cuts user)
    (45 Margin user)
    (46 B.CrtYd user)
    (47 F.CrtYd user)
    (48 B.Fab user)
    (49 F.Fab user)
  )

  (setup
    (last_trace_width 0.3)
    (user_trace_width 0.4)
    (trace_clearance 0.2)
    (zone_clearance 0)
    (zone_45_only no)
    (trace_min 0.3)
    (via_size 0.8)
    (via_drill 0.4)
    (via_min_size 0.4)
    (via_min_drill 0.3)
    (uvia_size 0.3)
    (uvia_drill 0.1)
    (uvias_allowed no)
    (uvia_min_size 0.2)
    (uvia_min_drill 0.1)
    (edge_width 0.05)
    (segment_width 0.2)
    (pcb_text_width 0.3)
    (pcb_text_size 1.5 1.5)
    (mod_edge_width 0.12)
    (mod_text_size 1 1)
    (mod_text_width 0.15)
    (pad_size 1.4 1.4)
    (pad_drill 0.8)
    (pad_to_mask_clearance 0.051)
    (solder_mask_min_width 0.25)
    (aux_axis_origin 113.538 93.218)
    (visible_elements 7FFFFFFF)
    (pcbplotparams
      (layerselection 0x01000_ffffffff)
      (usegerberextensions false)
      (usegerberattributes false)
      (usegerberadvancedattributes false)
      (creategerberjobfile false)
      (excludeedgelayer true)
      (linewidth 0.100000)
      (plotframeref false)
      (viasonmask false)
      (mode 1)
      (useauxorigin true)
      (hpglpennumber 1)
      (hpglpenspeed 20)
      (hpglpendiameter 15.000000)
      (psnegative false)
      (psa4output false)
      (plotreference true)
      (plotvalue true)
      (plotinvisibletext false)
      (padsonsilk false)
      (subtractmaskfromsilk false)
      (outputformat 1)
      (mirror false)
      (drillshape 0)
      (scaleselection 1)
      (outputdirectory "./"))
  )

  (net 0 "")
  (net 1 "Net-(IC1-Pad3)")
  (net 2 L)
  (net 3 LOAD)
  (net 4 BUTTON2)
  (net 5 BUTTON1)
  (net 6 DIM+)
  (net 7 DIM-)
  (net 8 N)
  (net 9 GND)
  (net 10 ON)
  (net 11 DIM)
  (net 12 "Net-(Q1-Pad4)")
  (net 13 "Net-(Q1-Pad1)")
  (net 14 "Net-(R3-Pad1)")
  (net 15 "Net-(R4-Pad2)")

  (net_class Default "Это класс цепей по умолчанию."
    (clearance 0.2)
    (trace_width 0.3)
    (via_dia 0.8)
    (via_drill 0.4)
    (uvia_dia 0.3)
    (uvia_drill 0.1)
    (diff_pair_width 0.3)
    (diff_pair_gap 0.25)
  )

  (net_class Силовая ""
    (clearance 0.51)
    (trace_width 2)
    (via_dia 0.8)
    (via_drill 0.4)
    (uvia_dia 0.3)
    (uvia_drill 0.1)
    (diff_pair_width 0.3)
    (diff_pair_gap 0.25)
    (add_net L)
    (add_net LOAD)
    (add_net N)
  )

  (net_class Слаботочная ""
    (clearance 0.51)
    (trace_width 0.35)
    (via_dia 0.8)
    (via_drill 0.4)
    (uvia_dia 0.3)
    (uvia_drill 0.1)
    (diff_pair_width 0.3)
    (diff_pair_gap 0.25)
    (add_net BUTTON1)
    (add_net BUTTON2)
    (add_net DIM)
    (add_net DIM+)
    (add_net DIM-)
    (add_net GND)
    (add_net "Net-(IC1-Pad3)")
    (add_net "Net-(Q1-Pad1)")
    (add_net "Net-(Q1-Pad4)")
    (add_net "Net-(R3-Pad1)")
    (add_net "Net-(R4-Pad2)")
    (add_net ON)
  )

  (module Resistor_SMD:R_2512_6332Metric_Pad1.52x3.35mm_HandSolder (layer B.Cu) (tedit 5B301BBD) (tstamp 5D4D4353)
    (at 132.588 57.658 180)
    (descr "Resistor SMD 2512 (6332 Metric), square (rectangular) end terminal, IPC_7351 nominal with elongated pad for handsoldering. (Body size source: http://www.tortai-tech.com/upload/download/2011102023233369053.pdf), generated with kicad-footprint-generator")
    (tags "resistor handsolder")
    (path /5D3A9077)
    (attr smd)
    (fp_text reference R5 (at 0 2.62) (layer B.SilkS)
      (effects (font (size 1 1) (thickness 0.15)) (justify mirror))
    )
    (fp_text value 360 (at 0 -2.62) (layer B.Fab)
      (effects (font (size 1 1) (thickness 0.15)) (justify mirror))
    )
    (fp_text user %R (at 0 0) (layer B.Fab)
      (effects (font (size 1 1) (thickness 0.15)) (justify mirror))
    )
    (fp_line (start 4 -1.92) (end -4 -1.92) (layer B.CrtYd) (width 0.05))
    (fp_line (start 4 1.92) (end 4 -1.92) (layer B.CrtYd) (width 0.05))
    (fp_line (start -4 1.92) (end 4 1.92) (layer B.CrtYd) (width 0.05))
    (fp_line (start -4 -1.92) (end -4 1.92) (layer B.CrtYd) (width 0.05))
    (fp_line (start -2.052064 -1.71) (end 2.052064 -1.71) (layer B.SilkS) (width 0.12))
    (fp_line (start -2.052064 1.71) (end 2.052064 1.71) (layer B.SilkS) (width 0.12))
    (fp_line (start 3.15 -1.6) (end -3.15 -1.6) (layer B.Fab) (width 0.1))
    (fp_line (start 3.15 1.6) (end 3.15 -1.6) (layer B.Fab) (width 0.1))
    (fp_line (start -3.15 1.6) (end 3.15 1.6) (layer B.Fab) (width 0.1))
    (fp_line (start -3.15 -1.6) (end -3.15 1.6) (layer B.Fab) (width 0.1))
    (pad 2 smd roundrect (at 2.9875 0 180) (size 1.525 3.35) (layers B.Cu B.Paste B.Mask) (roundrect_rratio 0.163934)
      (net 1 "Net-(IC1-Pad3)"))
    (pad 1 smd roundrect (at -2.9875 0 180) (size 1.525 3.35) (layers B.Cu B.Paste B.Mask) (roundrect_rratio 0.163934)
      (net 3 LOAD))
    (model ${KISYS3DMOD}/Resistor_SMD.3dshapes/R_2512_6332Metric.wrl
      (at (xyz 0 0 0))
      (scale (xyz 1 1 1))
      (rotate (xyz 0 0 0))
    )
  )

  (module Resistor_SMD:R_2512_6332Metric_Pad1.52x3.35mm_HandSolder (layer B.Cu) (tedit 5B301BBD) (tstamp 5D584033)
    (at 132.08 92.075 180)
    (descr "Resistor SMD 2512 (6332 Metric), square (rectangular) end terminal, IPC_7351 nominal with elongated pad for handsoldering. (Body size source: http://www.tortai-tech.com/upload/download/2011102023233369053.pdf), generated with kicad-footprint-generator")
    (tags "resistor handsolder")
    (path /5D3AA088)
    (attr smd)
    (fp_text reference R4 (at 0 2.62) (layer B.SilkS)
      (effects (font (size 1 1) (thickness 0.15)) (justify mirror))
    )
    (fp_text value 360 (at 0 -2.62) (layer B.Fab)
      (effects (font (size 1 1) (thickness 0.15)) (justify mirror))
    )
    (fp_text user %R (at 0 0) (layer B.Fab)
      (effects (font (size 1 1) (thickness 0.15)) (justify mirror))
    )
    (fp_line (start 4 -1.92) (end -4 -1.92) (layer B.CrtYd) (width 0.05))
    (fp_line (start 4 1.92) (end 4 -1.92) (layer B.CrtYd) (width 0.05))
    (fp_line (start -4 1.92) (end 4 1.92) (layer B.CrtYd) (width 0.05))
    (fp_line (start -4 -1.92) (end -4 1.92) (layer B.CrtYd) (width 0.05))
    (fp_line (start -2.052064 -1.71) (end 2.052064 -1.71) (layer B.SilkS) (width 0.12))
    (fp_line (start -2.052064 1.71) (end 2.052064 1.71) (layer B.SilkS) (width 0.12))
    (fp_line (start 3.15 -1.6) (end -3.15 -1.6) (layer B.Fab) (width 0.1))
    (fp_line (start 3.15 1.6) (end 3.15 -1.6) (layer B.Fab) (width 0.1))
    (fp_line (start -3.15 1.6) (end 3.15 1.6) (layer B.Fab) (width 0.1))
    (fp_line (start -3.15 -1.6) (end -3.15 1.6) (layer B.Fab) (width 0.1))
    (pad 2 smd roundrect (at 2.9875 0 180) (size 1.525 3.35) (layers B.Cu B.Paste B.Mask) (roundrect_rratio 0.163934)
      (net 15 "Net-(R4-Pad2)"))
    (pad 1 smd roundrect (at -2.9875 0 180) (size 1.525 3.35) (layers B.Cu B.Paste B.Mask) (roundrect_rratio 0.163934)
      (net 2 L))
    (model ${KISYS3DMOD}/Resistor_SMD.3dshapes/R_2512_6332Metric.wrl
      (at (xyz 0 0 0))
      (scale (xyz 1 1 1))
      (rotate (xyz 0 0 0))
    )
  )

  (module Package_DIP:DIP-6_W10.16mm_LongPads (layer F.Cu) (tedit 5A02E8C5) (tstamp 5D3BA7C9)
    (at 128.143 77.978 270)
    (descr "6-lead though-hole mounted DIP package, row spacing 10.16 mm (400 mils), LongPads")
    (tags "THT DIP DIL PDIP 2.54mm 10.16mm 400mil LongPads")
    (path /5D3C235B)
    (fp_text reference U1 (at 5.08 -2.33 90) (layer F.SilkS)
      (effects (font (size 1 1) (thickness 0.15)))
    )
    (fp_text value MOC3063M (at 5.08 7.41 90) (layer F.Fab)
      (effects (font (size 1 1) (thickness 0.15)))
    )
    (fp_text user %R (at 5.08 2.54 90) (layer F.Fab)
      (effects (font (size 1 1) (thickness 0.15)))
    )
    (fp_line (start 11.65 -1.55) (end -1.5 -1.55) (layer F.CrtYd) (width 0.05))
    (fp_line (start 11.65 6.6) (end 11.65 -1.55) (layer F.CrtYd) (width 0.05))
    (fp_line (start -1.5 6.6) (end 11.65 6.6) (layer F.CrtYd) (width 0.05))
    (fp_line (start -1.5 -1.55) (end -1.5 6.6) (layer F.CrtYd) (width 0.05))
    (fp_line (start 8.315 -1.33) (end 6.08 -1.33) (layer F.SilkS) (width 0.12))
    (fp_line (start 8.315 6.41) (end 8.315 -1.33) (layer F.SilkS) (width 0.12))
    (fp_line (start 1.845 6.41) (end 8.315 6.41) (layer F.SilkS) (width 0.12))
    (fp_line (start 1.845 -1.33) (end 1.845 6.41) (layer F.SilkS) (width 0.12))
    (fp_line (start 4.08 -1.33) (end 1.845 -1.33) (layer F.SilkS) (width 0.12))
    (fp_line (start 1.905 -0.27) (end 2.905 -1.27) (layer F.Fab) (width 0.1))
    (fp_line (start 1.905 6.35) (end 1.905 -0.27) (layer F.Fab) (width 0.1))
    (fp_line (start 8.255 6.35) (end 1.905 6.35) (layer F.Fab) (width 0.1))
    (fp_line (start 8.255 -1.27) (end 8.255 6.35) (layer F.Fab) (width 0.1))
    (fp_line (start 2.905 -1.27) (end 8.255 -1.27) (layer F.Fab) (width 0.1))
    (fp_arc (start 5.08 -1.33) (end 4.08 -1.33) (angle -180) (layer F.SilkS) (width 0.12))
    (pad 6 thru_hole oval (at 10.16 0 270) (size 2.4 1.6) (drill 0.8) (layers *.Cu *.Mask)
      (net 15 "Net-(R4-Pad2)"))
    (pad 3 thru_hole oval (at 0 5.08 270) (size 2.4 1.6) (drill 0.8) (layers *.Cu *.Mask))
    (pad 5 thru_hole oval (at 10.16 2.54 270) (size 2.4 1.6) (drill 0.8) (layers *.Cu *.Mask))
    (pad 2 thru_hole oval (at 0 2.54 270) (size 2.4 1.6) (drill 0.8) (layers *.Cu *.Mask)
      (net 9 GND))
    (pad 4 thru_hole oval (at 10.16 5.08 270) (size 2.4 1.6) (drill 0.8) (layers *.Cu *.Mask)
      (net 1 "Net-(IC1-Pad3)"))
    (pad 1 thru_hole rect (at 0 0 270) (size 2.4 1.6) (drill 0.8) (layers *.Cu *.Mask)
      (net 14 "Net-(R3-Pad1)"))
    (model ${KISYS3DMOD}/Package_DIP.3dshapes/DIP-6_W10.16mm.wrl
      (at (xyz 0 0 0))
      (scale (xyz 1 1 1))
      (rotate (xyz 0 0 0))
    )
  )

  (module Package_DIP:SMDIP-4_W9.53mm_Clearance8mm (layer B.Cu) (tedit 5A02E8C5) (tstamp 5D3BA749)
    (at 122.682 58.166 90)
    (descr "4-lead surface-mounted (SMD) DIP package, row spacing 9.53 mm (375 mils), Clearance8mm")
    (tags "SMD DIP DIL PDIP SMDIP 2.54mm 9.53mm 375mil Clearance8mm")
    (path /5D3C0E10)
    (attr smd)
    (fp_text reference Q1 (at 0 3.6 90) (layer B.SilkS)
      (effects (font (size 1 1) (thickness 0.15)) (justify mirror))
    )
    (fp_text value SFH6156-3T (at 0 -3.6 90) (layer B.Fab)
      (effects (font (size 1 1) (thickness 0.15)) (justify mirror))
    )
    (fp_text user %R (at 0 0 90) (layer B.Fab)
      (effects (font (size 1 1) (thickness 0.15)) (justify mirror))
    )
    (fp_line (start 5.8 2.8) (end -5.8 2.8) (layer B.CrtYd) (width 0.05))
    (fp_line (start 5.8 -2.8) (end 5.8 2.8) (layer B.CrtYd) (width 0.05))
    (fp_line (start -5.8 -2.8) (end 5.8 -2.8) (layer B.CrtYd) (width 0.05))
    (fp_line (start -5.8 2.8) (end -5.8 -2.8) (layer B.CrtYd) (width 0.05))
    (fp_line (start 3.235 2.6) (end 1 2.6) (layer B.SilkS) (width 0.12))
    (fp_line (start 3.235 -2.6) (end 3.235 2.6) (layer B.SilkS) (width 0.12))
    (fp_line (start -3.235 -2.6) (end 3.235 -2.6) (layer B.SilkS) (width 0.12))
    (fp_line (start -3.235 2.6) (end -3.235 -2.6) (layer B.SilkS) (width 0.12))
    (fp_line (start -1 2.6) (end -3.235 2.6) (layer B.SilkS) (width 0.12))
    (fp_line (start -3.175 1.54) (end -2.175 2.54) (layer B.Fab) (width 0.1))
    (fp_line (start -3.175 -2.54) (end -3.175 1.54) (layer B.Fab) (width 0.1))
    (fp_line (start 3.175 -2.54) (end -3.175 -2.54) (layer B.Fab) (width 0.1))
    (fp_line (start 3.175 2.54) (end 3.175 -2.54) (layer B.Fab) (width 0.1))
    (fp_line (start -2.175 2.54) (end 3.175 2.54) (layer B.Fab) (width 0.1))
    (fp_arc (start 0 2.6) (end -1 2.6) (angle 180) (layer B.SilkS) (width 0.12))
    (pad 4 smd rect (at 4.765 1.27 90) (size 1.5 1.78) (layers B.Cu B.Paste B.Mask)
      (net 12 "Net-(Q1-Pad4)"))
    (pad 2 smd rect (at -4.765 -1.27 90) (size 1.5 1.78) (layers B.Cu B.Paste B.Mask)
      (net 9 GND))
    (pad 3 smd rect (at 4.765 -1.27 90) (size 1.5 1.78) (layers B.Cu B.Paste B.Mask)
      (net 7 DIM-))
    (pad 1 smd rect (at -4.765 1.27 90) (size 1.5 1.78) (layers B.Cu B.Paste B.Mask)
      (net 13 "Net-(Q1-Pad1)"))
    (model ${KISYS3DMOD}/Package_DIP.3dshapes/SMDIP-4_W9.53mm.wrl
      (at (xyz 0 0 0))
      (scale (xyz 1 1 1))
      (rotate (xyz 0 0 0))
    )
  )

  (module Connector_IDC:IDC-Header_2x07_P2.54mm_Vertical (layer F.Cu) (tedit 59DE0420) (tstamp 5D3BA731)
    (at 115.062 69.342)
    (descr "Through hole straight IDC box header, 2x07, 2.54mm pitch, double rows")
    (tags "Through hole IDC box header THT 2x07 2.54mm double row")
    (path /5D3C643E)
    (fp_text reference J5 (at 1.27 -6.604) (layer F.SilkS)
      (effects (font (size 1 1) (thickness 0.15)))
    )
    (fp_text value Conn_02x07_Odd_Even (at 1.27 21.844) (layer F.Fab)
      (effects (font (size 1 1) (thickness 0.15)))
    )
    (fp_line (start -3.655 -5.6) (end -1.115 -5.6) (layer F.SilkS) (width 0.12))
    (fp_line (start -3.655 -5.6) (end -3.655 -3.06) (layer F.SilkS) (width 0.12))
    (fp_line (start -3.405 -5.35) (end 5.945 -5.35) (layer F.SilkS) (width 0.12))
    (fp_line (start -3.405 20.59) (end -3.405 -5.35) (layer F.SilkS) (width 0.12))
    (fp_line (start 5.945 20.59) (end -3.405 20.59) (layer F.SilkS) (width 0.12))
    (fp_line (start 5.945 -5.35) (end 5.945 20.59) (layer F.SilkS) (width 0.12))
    (fp_line (start -3.41 -5.35) (end 5.95 -5.35) (layer F.CrtYd) (width 0.05))
    (fp_line (start -3.41 20.59) (end -3.41 -5.35) (layer F.CrtYd) (width 0.05))
    (fp_line (start 5.95 20.59) (end -3.41 20.59) (layer F.CrtYd) (width 0.05))
    (fp_line (start 5.95 -5.35) (end 5.95 20.59) (layer F.CrtYd) (width 0.05))
    (fp_line (start -3.155 20.34) (end -2.605 19.78) (layer F.Fab) (width 0.1))
    (fp_line (start -3.155 -5.1) (end -2.605 -4.56) (layer F.Fab) (width 0.1))
    (fp_line (start 5.695 20.34) (end 5.145 19.78) (layer F.Fab) (width 0.1))
    (fp_line (start 5.695 -5.1) (end 5.145 -4.56) (layer F.Fab) (width 0.1))
    (fp_line (start 5.145 19.78) (end -2.605 19.78) (layer F.Fab) (width 0.1))
    (fp_line (start 5.695 20.34) (end -3.155 20.34) (layer F.Fab) (width 0.1))
    (fp_line (start 5.145 -4.56) (end -2.605 -4.56) (layer F.Fab) (width 0.1))
    (fp_line (start 5.695 -5.1) (end -3.155 -5.1) (layer F.Fab) (width 0.1))
    (fp_line (start -2.605 9.87) (end -3.155 9.87) (layer F.Fab) (width 0.1))
    (fp_line (start -2.605 5.37) (end -3.155 5.37) (layer F.Fab) (width 0.1))
    (fp_line (start -2.605 9.87) (end -2.605 19.78) (layer F.Fab) (width 0.1))
    (fp_line (start -2.605 -4.56) (end -2.605 5.37) (layer F.Fab) (width 0.1))
    (fp_line (start -3.155 -5.1) (end -3.155 20.34) (layer F.Fab) (width 0.1))
    (fp_line (start 5.145 -4.56) (end 5.145 19.78) (layer F.Fab) (width 0.1))
    (fp_line (start 5.695 -5.1) (end 5.695 20.34) (layer F.Fab) (width 0.1))
    (fp_text user %R (at 1.27 7.62) (layer F.Fab)
      (effects (font (size 1 1) (thickness 0.15)))
    )
    (pad 14 thru_hole oval (at 2.54 15.24) (size 1.7272 1.7272) (drill 1.016) (layers *.Cu *.Mask)
      (net 9 GND))
    (pad 13 thru_hole oval (at 0 15.24) (size 1.7272 1.7272) (drill 1.016) (layers *.Cu *.Mask))
    (pad 12 thru_hole oval (at 2.54 12.7) (size 1.7272 1.7272) (drill 1.016) (layers *.Cu *.Mask)
      (net 9 GND))
    (pad 11 thru_hole oval (at 0 12.7) (size 1.7272 1.7272) (drill 1.016) (layers *.Cu *.Mask))
    (pad 10 thru_hole oval (at 2.54 10.16) (size 1.7272 1.7272) (drill 1.016) (layers *.Cu *.Mask)
      (net 9 GND))
    (pad 9 thru_hole oval (at 0 10.16) (size 1.7272 1.7272) (drill 1.016) (layers *.Cu *.Mask))
    (pad 8 thru_hole oval (at 2.54 7.62) (size 1.7272 1.7272) (drill 1.016) (layers *.Cu *.Mask)
      (net 4 BUTTON2))
    (pad 7 thru_hole oval (at 0 7.62) (size 1.7272 1.7272) (drill 1.016) (layers *.Cu *.Mask))
    (pad 6 thru_hole oval (at 2.54 5.08) (size 1.7272 1.7272) (drill 1.016) (layers *.Cu *.Mask)
      (net 10 ON))
    (pad 5 thru_hole oval (at 0 5.08) (size 1.7272 1.7272) (drill 1.016) (layers *.Cu *.Mask))
    (pad 4 thru_hole oval (at 2.54 2.54) (size 1.7272 1.7272) (drill 1.016) (layers *.Cu *.Mask)
      (net 11 DIM))
    (pad 3 thru_hole oval (at 0 2.54) (size 1.7272 1.7272) (drill 1.016) (layers *.Cu *.Mask))
    (pad 2 thru_hole oval (at 2.54 0) (size 1.7272 1.7272) (drill 1.016) (layers *.Cu *.Mask)
      (net 5 BUTTON1))
    (pad 1 thru_hole rect (at 0 0) (size 1.7272 1.7272) (drill 1.016) (layers *.Cu *.Mask))
    (model ${KISYS3DMOD}/Connector_IDC.3dshapes/IDC-Header_2x07_P2.54mm_Vertical.wrl
      (at (xyz 0 0 0))
      (scale (xyz 1 1 1))
      (rotate (xyz 0 0 0))
    )
  )

  (module MountingHole:MountingHole_2.2mm_M2 (layer F.Cu) (tedit 5C33A084) (tstamp 5D46C1C7)
    (at 113.538 93.218)
    (descr "Mounting Hole 2.2mm, no annular, M2")
    (tags "mounting hole 2.2mm no annular m2")
    (attr virtual)
    (fp_text reference REF** (at 0 -3.2) (layer F.SilkS) hide
      (effects (font (size 1 1) (thickness 0.15)))
    )
    (fp_text value MountingHole_2.2mm_M2 (at 0 3.2) (layer F.Fab) hide
      (effects (font (size 1 1) (thickness 0.15)))
    )
    (fp_circle (center 0 0) (end 2.45 0) (layer F.CrtYd) (width 0.05))
    (fp_circle (center 0 0) (end 2.2 0) (layer Cmts.User) (width 0.15))
    (fp_text user %R (at 0.3 0) (layer F.Fab) hide
      (effects (font (size 1 1) (thickness 0.15)))
    )
    (pad "" np_thru_hole circle (at 0 0) (size 2.2 2.2) (drill 2.2) (layers *.Cu *.Mask)
      (clearance 1.5))
  )

  (module MountingHole:MountingHole_2.2mm_M2 (layer F.Cu) (tedit 5C33A078) (tstamp 5D46C18A)
    (at 113.538 47.498)
    (descr "Mounting Hole 2.2mm, no annular, M2")
    (tags "mounting hole 2.2mm no annular m2")
    (attr virtual)
    (fp_text reference REF** (at 0 -3.2) (layer F.SilkS) hide
      (effects (font (size 1 1) (thickness 0.15)))
    )
    (fp_text value MountingHole_2.2mm_M2 (at 0 3.2) (layer F.Fab) hide
      (effects (font (size 1 1) (thickness 0.15)))
    )
    (fp_text user %R (at 0.3 0) (layer F.Fab) hide
      (effects (font (size 1 1) (thickness 0.15)))
    )
    (fp_circle (center 0 0) (end 2.2 0) (layer Cmts.User) (width 0.15))
    (fp_circle (center 0 0) (end 2.45 0) (layer F.CrtYd) (width 0.05))
    (pad "" np_thru_hole circle (at 0 0) (size 2.2 2.2) (drill 2.2) (layers *.Cu *.Mask)
      (clearance 1.5))
  )

  (module Package_TO_SOT_THT:TO-220-3_Horizontal_TabDown (layer F.Cu) (tedit 5AC8BA0D) (tstamp 5D57DA8B)
    (at 141.605 61.341 180)
    (descr "TO-220-3, Horizontal, RM 2.54mm, see https://www.vishay.com/docs/66542/to-220-1.pdf")
    (tags "TO-220-3 Horizontal RM 2.54mm")
    (path /5D3A683B)
    (fp_text reference IC1 (at 2.54 -20.58) (layer F.SilkS)
      (effects (font (size 1 1) (thickness 0.15)))
    )
    (fp_text value BTA08-600SWRG (at 2.54 2) (layer F.Fab)
      (effects (font (size 1 1) (thickness 0.15)))
    )
    (fp_circle (center 2.54 -16.66) (end 4.39 -16.66) (layer F.Fab) (width 0.1))
    (fp_line (start -2.46 -13.06) (end -2.46 -19.46) (layer F.Fab) (width 0.1))
    (fp_line (start -2.46 -19.46) (end 7.54 -19.46) (layer F.Fab) (width 0.1))
    (fp_line (start 7.54 -19.46) (end 7.54 -13.06) (layer F.Fab) (width 0.1))
    (fp_line (start 7.54 -13.06) (end -2.46 -13.06) (layer F.Fab) (width 0.1))
    (fp_line (start -2.46 -3.81) (end -2.46 -13.06) (layer F.Fab) (width 0.1))
    (fp_line (start -2.46 -13.06) (end 7.54 -13.06) (layer F.Fab) (width 0.1))
    (fp_line (start 7.54 -13.06) (end 7.54 -3.81) (layer F.Fab) (width 0.1))
    (fp_line (start 7.54 -3.81) (end -2.46 -3.81) (layer F.Fab) (width 0.1))
    (fp_line (start 0 -3.81) (end 0 0) (layer F.Fab) (width 0.1))
    (fp_line (start 2.54 -3.81) (end 2.54 0) (layer F.Fab) (width 0.1))
    (fp_line (start 5.08 -3.81) (end 5.08 0) (layer F.Fab) (width 0.1))
    (fp_line (start -2.58 -3.69) (end 7.66 -3.69) (layer F.SilkS) (width 0.12))
    (fp_line (start -2.58 -19.58) (end 7.66 -19.58) (layer F.SilkS) (width 0.12))
    (fp_line (start -2.58 -19.58) (end -2.58 -3.69) (layer F.SilkS) (width 0.12))
    (fp_line (start 7.66 -19.58) (end 7.66 -3.69) (layer F.SilkS) (width 0.12))
    (fp_line (start 0 -3.69) (end 0 -1.15) (layer F.SilkS) (width 0.12))
    (fp_line (start 2.54 -3.69) (end 2.54 -1.15) (layer F.SilkS) (width 0.12))
    (fp_line (start 5.08 -3.69) (end 5.08 -1.15) (layer F.SilkS) (width 0.12))
    (fp_line (start -2.71 -19.71) (end -2.71 1.25) (layer F.CrtYd) (width 0.05))
    (fp_line (start -2.71 1.25) (end 7.79 1.25) (layer F.CrtYd) (width 0.05))
    (fp_line (start 7.79 1.25) (end 7.79 -19.71) (layer F.CrtYd) (width 0.05))
    (fp_line (start 7.79 -19.71) (end -2.71 -19.71) (layer F.CrtYd) (width 0.05))
    (fp_text user %R (at 2.54 -20.58) (layer F.Fab)
      (effects (font (size 1 1) (thickness 0.15)))
    )
    (pad "" np_thru_hole oval (at 2.54 -16.66 180) (size 3.5 3.5) (drill 3.5) (layers *.Cu *.Mask))
    (pad 1 thru_hole rect (at 0 0 180) (size 1.905 2) (drill 1.1) (layers *.Cu *.Mask)
      (net 3 LOAD))
    (pad 2 thru_hole oval (at 2.54 0 180) (size 1.905 2) (drill 1.1) (layers *.Cu *.Mask)
      (net 2 L))
    (pad 3 thru_hole oval (at 5.08 0 180) (size 1.905 2) (drill 1.1) (layers *.Cu *.Mask)
      (net 1 "Net-(IC1-Pad3)"))
    (model ${KISYS3DMOD}/Package_TO_SOT_THT.3dshapes/TO-220-3_Horizontal_TabDown.wrl
      (at (xyz 0 0 0))
      (scale (xyz 1 1 1))
      (rotate (xyz 0 0 0))
    )
  )

  (module TerminalBlock_Phoenix:TerminalBlock_KV301_1x02_P5.00mm_Horizontal (layer F.Cu) (tedit 5D57DF0F) (tstamp 5D583320)
    (at 115.824 55.118 270)
    (descr "Terminal Block Phoenix PT-1,5-2-5.0-H, 2 pins, pitch 5mm, size 10x9mm^2, drill diamater 1.3mm, pad diameter 2.6mm, see http://www.mouser.com/ds/2/324/ItemDetail_1935161-922578.pdf, script-generated using https://github.com/pointhi/kicad-footprint-generator/scripts/TerminalBlock_Phoenix")
    (tags "THT Terminal Block Phoenix PT-1,5-2-5.0-H pitch 5mm size 10x9mm^2 drill 1.3mm pad 2.6mm")
    (path /5D3CCECA)
    (fp_text reference J1 (at 2.286 -5.08 90) (layer F.SilkS)
      (effects (font (size 1 1) (thickness 0.15)))
    )
    (fp_text value Screw_Terminal_01x02 (at 2.5 6.06 90) (layer F.Fab)
      (effects (font (size 1 1) (thickness 0.15)))
    )
    (fp_line (start 0.5 -4.3984) (end 0 -3.7084) (layer F.SilkS) (width 0.12))
    (fp_line (start -0.5 -4.3984) (end 0 -3.7084) (layer F.SilkS) (width 0.12))
    (fp_line (start 0.5 -4.3984) (end -0.5 -4.3984) (layer F.SilkS) (width 0.12))
    (fp_line (start 7.56 2.6) (end 8.16 2.6) (layer F.SilkS) (width 0.12))
    (fp_circle (center 0 0) (end 2 0) (layer F.Fab) (width 0.1))
    (fp_circle (center 0 0) (end 2.18 0) (layer F.SilkS) (width 0.12))
    (fp_circle (center 5 0) (end 7 0) (layer F.Fab) (width 0.1))
    (fp_circle (center 5 0) (end 7.18 0) (layer F.SilkS) (width 0.12))
    (fp_line (start -2.5 -3.5) (end 7.5 -3.5) (layer F.Fab) (width 0.1))
    (fp_line (start 7.5 -3.5) (end 7.5 4) (layer F.Fab) (width 0.1))
    (fp_line (start 7.5 4) (end -2.1 4) (layer F.Fab) (width 0.1))
    (fp_line (start -2.1 4) (end -2.5 3.6) (layer F.Fab) (width 0.1))
    (fp_line (start -2.5 3.6) (end -2.5 -3.5) (layer F.Fab) (width 0.1))
    (fp_line (start -2.5 3.6) (end 7.5 3.6) (layer F.Fab) (width 0.1))
    (fp_line (start -2.56 3.06) (end 7.56 3.06) (layer F.SilkS) (width 0.12))
    (fp_line (start -2.5 2.5) (end 7.5 2.5) (layer F.Fab) (width 0.1))
    (fp_line (start -2.56 3.5) (end 7.56 3.5) (layer F.SilkS) (width 0.12))
    (fp_line (start -2.56 -3.56) (end 7.56 -3.56) (layer F.SilkS) (width 0.12))
    (fp_line (start -2.56 4.06) (end 7.56 4.06) (layer F.SilkS) (width 0.12))
    (fp_line (start -2.56 -3.56) (end -2.56 4.06) (layer F.SilkS) (width 0.12))
    (fp_line (start 7.56 -3.56) (end 7.56 4.06) (layer F.SilkS) (width 0.12))
    (fp_line (start 1.517 -1.273) (end -1.273 1.517) (layer F.Fab) (width 0.1))
    (fp_line (start 1.273 -1.517) (end -1.517 1.273) (layer F.Fab) (width 0.1))
    (fp_line (start 1.654 -1.388) (end 1.547 -1.281) (layer F.SilkS) (width 0.12))
    (fp_line (start -1.282 1.547) (end -1.388 1.654) (layer F.SilkS) (width 0.12))
    (fp_line (start 1.388 -1.654) (end 1.281 -1.547) (layer F.SilkS) (width 0.12))
    (fp_line (start -1.548 1.281) (end -1.654 1.388) (layer F.SilkS) (width 0.12))
    (fp_line (start 6.517 -1.273) (end 3.728 1.517) (layer F.Fab) (width 0.1))
    (fp_line (start 6.273 -1.517) (end 3.484 1.273) (layer F.Fab) (width 0.1))
    (fp_line (start 6.654 -1.388) (end 6.259 -0.992) (layer F.SilkS) (width 0.12))
    (fp_line (start 3.993 1.274) (end 3.613 1.654) (layer F.SilkS) (width 0.12))
    (fp_line (start 6.388 -1.654) (end 6.008 -1.274) (layer F.SilkS) (width 0.12))
    (fp_line (start 3.742 0.992) (end 3.347 1.388) (layer F.SilkS) (width 0.12))
    (fp_line (start 8.16 2.6) (end 8.16 3.81) (layer F.SilkS) (width 0.12))
    (fp_line (start 7.56 3.81) (end 8.16 3.81) (layer F.SilkS) (width 0.12))
    (fp_line (start -3 -4) (end -3 4.5) (layer F.CrtYd) (width 0.05))
    (fp_line (start -3 4.5) (end 8.6 4.5) (layer F.CrtYd) (width 0.05))
    (fp_line (start 8.6 4.5) (end 8.6 -4) (layer F.CrtYd) (width 0.05))
    (fp_line (start 8.6 -4) (end -3 -4) (layer F.CrtYd) (width 0.05))
    (fp_text user %R (at 2.5 2.9 90) (layer F.Fab)
      (effects (font (size 1 1) (thickness 0.15)))
    )
    (pad 1 thru_hole rect (at 0 0 270) (size 2.5 2.5) (drill 1.1) (layers *.Cu *.Mask)
      (net 5 BUTTON1))
    (pad 2 thru_hole circle (at 5 0 270) (size 2.5 2.5) (drill 1.1) (layers *.Cu *.Mask)
      (net 4 BUTTON2))
    (model ${KISYS3DMOD}/TerminalBlock_Phoenix.3dshapes/TerminalBlock_Phoenix_PT-1,5-2-5.0-H_1x02_P5.00mm_Horizontal.wrl
      (at (xyz 0 0 0))
      (scale (xyz 1 1 1))
      (rotate (xyz 0 0 0))
    )
  )

  (module TerminalBlock_Phoenix:TerminalBlock_KV301_1x02_P5.00mm_Horizontal (layer F.Cu) (tedit 5D57DF0F) (tstamp 5D58334D)
    (at 128.778 49.53 180)
    (descr "Terminal Block Phoenix PT-1,5-2-5.0-H, 2 pins, pitch 5mm, size 10x9mm^2, drill diamater 1.3mm, pad diameter 2.6mm, see http://www.mouser.com/ds/2/324/ItemDetail_1935161-922578.pdf, script-generated using https://github.com/pointhi/kicad-footprint-generator/scripts/TerminalBlock_Phoenix")
    (tags "THT Terminal Block Phoenix PT-1,5-2-5.0-H pitch 5mm size 10x9mm^2 drill 1.3mm pad 2.6mm")
    (path /5D3D5396)
    (fp_text reference J2 (at 2.286 -5.08) (layer F.SilkS)
      (effects (font (size 1 1) (thickness 0.15)))
    )
    (fp_text value Screw_Terminal_01x02 (at 2.5 6.06) (layer F.Fab)
      (effects (font (size 1 1) (thickness 0.15)))
    )
    (fp_text user %R (at 2.5 2.9) (layer F.Fab)
      (effects (font (size 1 1) (thickness 0.15)))
    )
    (fp_line (start 8.6 -4) (end -3 -4) (layer F.CrtYd) (width 0.05))
    (fp_line (start 8.6 4.5) (end 8.6 -4) (layer F.CrtYd) (width 0.05))
    (fp_line (start -3 4.5) (end 8.6 4.5) (layer F.CrtYd) (width 0.05))
    (fp_line (start -3 -4) (end -3 4.5) (layer F.CrtYd) (width 0.05))
    (fp_line (start 7.56 3.81) (end 8.16 3.81) (layer F.SilkS) (width 0.12))
    (fp_line (start 8.16 2.6) (end 8.16 3.81) (layer F.SilkS) (width 0.12))
    (fp_line (start 3.742 0.992) (end 3.347 1.388) (layer F.SilkS) (width 0.12))
    (fp_line (start 6.388 -1.654) (end 6.008 -1.274) (layer F.SilkS) (width 0.12))
    (fp_line (start 3.993 1.274) (end 3.613 1.654) (layer F.SilkS) (width 0.12))
    (fp_line (start 6.654 -1.388) (end 6.259 -0.992) (layer F.SilkS) (width 0.12))
    (fp_line (start 6.273 -1.517) (end 3.484 1.273) (layer F.Fab) (width 0.1))
    (fp_line (start 6.517 -1.273) (end 3.728 1.517) (layer F.Fab) (width 0.1))
    (fp_line (start -1.548 1.281) (end -1.654 1.388) (layer F.SilkS) (width 0.12))
    (fp_line (start 1.388 -1.654) (end 1.281 -1.547) (layer F.SilkS) (width 0.12))
    (fp_line (start -1.282 1.547) (end -1.388 1.654) (layer F.SilkS) (width 0.12))
    (fp_line (start 1.654 -1.388) (end 1.547 -1.281) (layer F.SilkS) (width 0.12))
    (fp_line (start 1.273 -1.517) (end -1.517 1.273) (layer F.Fab) (width 0.1))
    (fp_line (start 1.517 -1.273) (end -1.273 1.517) (layer F.Fab) (width 0.1))
    (fp_line (start 7.56 -3.56) (end 7.56 4.06) (layer F.SilkS) (width 0.12))
    (fp_line (start -2.56 -3.56) (end -2.56 4.06) (layer F.SilkS) (width 0.12))
    (fp_line (start -2.56 4.06) (end 7.56 4.06) (layer F.SilkS) (width 0.12))
    (fp_line (start -2.56 -3.56) (end 7.56 -3.56) (layer F.SilkS) (width 0.12))
    (fp_line (start -2.56 3.5) (end 7.56 3.5) (layer F.SilkS) (width 0.12))
    (fp_line (start -2.5 2.5) (end 7.5 2.5) (layer F.Fab) (width 0.1))
    (fp_line (start -2.56 3.06) (end 7.56 3.06) (layer F.SilkS) (width 0.12))
    (fp_line (start -2.5 3.6) (end 7.5 3.6) (layer F.Fab) (width 0.1))
    (fp_line (start -2.5 3.6) (end -2.5 -3.5) (layer F.Fab) (width 0.1))
    (fp_line (start -2.1 4) (end -2.5 3.6) (layer F.Fab) (width 0.1))
    (fp_line (start 7.5 4) (end -2.1 4) (layer F.Fab) (width 0.1))
    (fp_line (start 7.5 -3.5) (end 7.5 4) (layer F.Fab) (width 0.1))
    (fp_line (start -2.5 -3.5) (end 7.5 -3.5) (layer F.Fab) (width 0.1))
    (fp_circle (center 5 0) (end 7.18 0) (layer F.SilkS) (width 0.12))
    (fp_circle (center 5 0) (end 7 0) (layer F.Fab) (width 0.1))
    (fp_circle (center 0 0) (end 2.18 0) (layer F.SilkS) (width 0.12))
    (fp_circle (center 0 0) (end 2 0) (layer F.Fab) (width 0.1))
    (fp_line (start 7.56 2.6) (end 8.16 2.6) (layer F.SilkS) (width 0.12))
    (fp_line (start 0.5 -4.3984) (end -0.5 -4.3984) (layer F.SilkS) (width 0.12))
    (fp_line (start -0.5 -4.3984) (end 0 -3.7084) (layer F.SilkS) (width 0.12))
    (fp_line (start 0.5 -4.3984) (end 0 -3.7084) (layer F.SilkS) (width 0.12))
    (pad 2 thru_hole circle (at 5 0 180) (size 2.5 2.5) (drill 1.1) (layers *.Cu *.Mask)
      (net 7 DIM-))
    (pad 1 thru_hole rect (at 0 0 180) (size 2.5 2.5) (drill 1.1) (layers *.Cu *.Mask)
      (net 6 DIM+))
    (model ${KISYS3DMOD}/TerminalBlock_Phoenix.3dshapes/TerminalBlock_Phoenix_PT-1,5-2-5.0-H_1x02_P5.00mm_Horizontal.wrl
      (at (xyz 0 0 0))
      (scale (xyz 1 1 1))
      (rotate (xyz 0 0 0))
    )
  )

  (module TerminalBlock_Phoenix:TerminalBlock_KV301_1x02_P5.00mm_Horizontal (layer F.Cu) (tedit 5D57DF0F) (tstamp 5D58337A)
    (at 139.065 86.106 270)
    (descr "Terminal Block Phoenix PT-1,5-2-5.0-H, 2 pins, pitch 5mm, size 10x9mm^2, drill diamater 1.3mm, pad diameter 2.6mm, see http://www.mouser.com/ds/2/324/ItemDetail_1935161-922578.pdf, script-generated using https://github.com/pointhi/kicad-footprint-generator/scripts/TerminalBlock_Phoenix")
    (tags "THT Terminal Block Phoenix PT-1,5-2-5.0-H pitch 5mm size 10x9mm^2 drill 1.3mm pad 2.6mm")
    (path /5D3D5C00)
    (fp_text reference J3 (at 2.286 -5.08 90) (layer F.SilkS)
      (effects (font (size 1 1) (thickness 0.15)))
    )
    (fp_text value Screw_Terminal_01x02 (at 2.5 6.06 90) (layer F.Fab)
      (effects (font (size 1 1) (thickness 0.15)))
    )
    (fp_line (start 0.5 -4.3984) (end 0 -3.7084) (layer F.SilkS) (width 0.12))
    (fp_line (start -0.5 -4.3984) (end 0 -3.7084) (layer F.SilkS) (width 0.12))
    (fp_line (start 0.5 -4.3984) (end -0.5 -4.3984) (layer F.SilkS) (width 0.12))
    (fp_line (start 7.56 2.6) (end 8.16 2.6) (layer F.SilkS) (width 0.12))
    (fp_circle (center 0 0) (end 2 0) (layer F.Fab) (width 0.1))
    (fp_circle (center 0 0) (end 2.18 0) (layer F.SilkS) (width 0.12))
    (fp_circle (center 5 0) (end 7 0) (layer F.Fab) (width 0.1))
    (fp_circle (center 5 0) (end 7.18 0) (layer F.SilkS) (width 0.12))
    (fp_line (start -2.5 -3.5) (end 7.5 -3.5) (layer F.Fab) (width 0.1))
    (fp_line (start 7.5 -3.5) (end 7.5 4) (layer F.Fab) (width 0.1))
    (fp_line (start 7.5 4) (end -2.1 4) (layer F.Fab) (width 0.1))
    (fp_line (start -2.1 4) (end -2.5 3.6) (layer F.Fab) (width 0.1))
    (fp_line (start -2.5 3.6) (end -2.5 -3.5) (layer F.Fab) (width 0.1))
    (fp_line (start -2.5 3.6) (end 7.5 3.6) (layer F.Fab) (width 0.1))
    (fp_line (start -2.56 3.06) (end 7.56 3.06) (layer F.SilkS) (width 0.12))
    (fp_line (start -2.5 2.5) (end 7.5 2.5) (layer F.Fab) (width 0.1))
    (fp_line (start -2.56 3.5) (end 7.56 3.5) (layer F.SilkS) (width 0.12))
    (fp_line (start -2.56 -3.56) (end 7.56 -3.56) (layer F.SilkS) (width 0.12))
    (fp_line (start -2.56 4.06) (end 7.56 4.06) (layer F.SilkS) (width 0.12))
    (fp_line (start -2.56 -3.56) (end -2.56 4.06) (layer F.SilkS) (width 0.12))
    (fp_line (start 7.56 -3.56) (end 7.56 4.06) (layer F.SilkS) (width 0.12))
    (fp_line (start 1.517 -1.273) (end -1.273 1.517) (layer F.Fab) (width 0.1))
    (fp_line (start 1.273 -1.517) (end -1.517 1.273) (layer F.Fab) (width 0.1))
    (fp_line (start 1.654 -1.388) (end 1.547 -1.281) (layer F.SilkS) (width 0.12))
    (fp_line (start -1.282 1.547) (end -1.388 1.654) (layer F.SilkS) (width 0.12))
    (fp_line (start 1.388 -1.654) (end 1.281 -1.547) (layer F.SilkS) (width 0.12))
    (fp_line (start -1.548 1.281) (end -1.654 1.388) (layer F.SilkS) (width 0.12))
    (fp_line (start 6.517 -1.273) (end 3.728 1.517) (layer F.Fab) (width 0.1))
    (fp_line (start 6.273 -1.517) (end 3.484 1.273) (layer F.Fab) (width 0.1))
    (fp_line (start 6.654 -1.388) (end 6.259 -0.992) (layer F.SilkS) (width 0.12))
    (fp_line (start 3.993 1.274) (end 3.613 1.654) (layer F.SilkS) (width 0.12))
    (fp_line (start 6.388 -1.654) (end 6.008 -1.274) (layer F.SilkS) (width 0.12))
    (fp_line (start 3.742 0.992) (end 3.347 1.388) (layer F.SilkS) (width 0.12))
    (fp_line (start 8.16 2.6) (end 8.16 3.81) (layer F.SilkS) (width 0.12))
    (fp_line (start 7.56 3.81) (end 8.16 3.81) (layer F.SilkS) (width 0.12))
    (fp_line (start -3 -4) (end -3 4.5) (layer F.CrtYd) (width 0.05))
    (fp_line (start -3 4.5) (end 8.6 4.5) (layer F.CrtYd) (width 0.05))
    (fp_line (start 8.6 4.5) (end 8.6 -4) (layer F.CrtYd) (width 0.05))
    (fp_line (start 8.6 -4) (end -3 -4) (layer F.CrtYd) (width 0.05))
    (fp_text user %R (at 2.5 2.9 90) (layer F.Fab)
      (effects (font (size 1 1) (thickness 0.15)))
    )
    (pad 1 thru_hole rect (at 0 0 270) (size 2.5 2.5) (drill 1.1) (layers *.Cu *.Mask)
      (net 2 L))
    (pad 2 thru_hole circle (at 5 0 270) (size 2.5 2.5) (drill 1.1) (layers *.Cu *.Mask)
      (net 8 N))
    (model ${KISYS3DMOD}/TerminalBlock_Phoenix.3dshapes/TerminalBlock_Phoenix_PT-1,5-2-5.0-H_1x02_P5.00mm_Horizontal.wrl
      (at (xyz 0 0 0))
      (scale (xyz 1 1 1))
      (rotate (xyz 0 0 0))
    )
  )

  (module TerminalBlock_Phoenix:TerminalBlock_KV301_1x02_P5.00mm_Horizontal (layer F.Cu) (tedit 5D57DF0F) (tstamp 5D5833A7)
    (at 139.065 48.768 270)
    (descr "Terminal Block Phoenix PT-1,5-2-5.0-H, 2 pins, pitch 5mm, size 10x9mm^2, drill diamater 1.3mm, pad diameter 2.6mm, see http://www.mouser.com/ds/2/324/ItemDetail_1935161-922578.pdf, script-generated using https://github.com/pointhi/kicad-footprint-generator/scripts/TerminalBlock_Phoenix")
    (tags "THT Terminal Block Phoenix PT-1,5-2-5.0-H pitch 5mm size 10x9mm^2 drill 1.3mm pad 2.6mm")
    (path /5D3D9330)
    (fp_text reference J4 (at 2.286 -5.08 90) (layer F.SilkS)
      (effects (font (size 1 1) (thickness 0.15)))
    )
    (fp_text value Screw_Terminal_01x02 (at 2.5 6.06 90) (layer F.Fab)
      (effects (font (size 1 1) (thickness 0.15)))
    )
    (fp_text user %R (at 2.5 2.9 90) (layer F.Fab)
      (effects (font (size 1 1) (thickness 0.15)))
    )
    (fp_line (start 8.6 -4) (end -3 -4) (layer F.CrtYd) (width 0.05))
    (fp_line (start 8.6 4.5) (end 8.6 -4) (layer F.CrtYd) (width 0.05))
    (fp_line (start -3 4.5) (end 8.6 4.5) (layer F.CrtYd) (width 0.05))
    (fp_line (start -3 -4) (end -3 4.5) (layer F.CrtYd) (width 0.05))
    (fp_line (start 7.56 3.81) (end 8.16 3.81) (layer F.SilkS) (width 0.12))
    (fp_line (start 8.16 2.6) (end 8.16 3.81) (layer F.SilkS) (width 0.12))
    (fp_line (start 3.742 0.992) (end 3.347 1.388) (layer F.SilkS) (width 0.12))
    (fp_line (start 6.388 -1.654) (end 6.008 -1.274) (layer F.SilkS) (width 0.12))
    (fp_line (start 3.993 1.274) (end 3.613 1.654) (layer F.SilkS) (width 0.12))
    (fp_line (start 6.654 -1.388) (end 6.259 -0.992) (layer F.SilkS) (width 0.12))
    (fp_line (start 6.273 -1.517) (end 3.484 1.273) (layer F.Fab) (width 0.1))
    (fp_line (start 6.517 -1.273) (end 3.728 1.517) (layer F.Fab) (width 0.1))
    (fp_line (start -1.548 1.281) (end -1.654 1.388) (layer F.SilkS) (width 0.12))
    (fp_line (start 1.388 -1.654) (end 1.281 -1.547) (layer F.SilkS) (width 0.12))
    (fp_line (start -1.282 1.547) (end -1.388 1.654) (layer F.SilkS) (width 0.12))
    (fp_line (start 1.654 -1.388) (end 1.547 -1.281) (layer F.SilkS) (width 0.12))
    (fp_line (start 1.273 -1.517) (end -1.517 1.273) (layer F.Fab) (width 0.1))
    (fp_line (start 1.517 -1.273) (end -1.273 1.517) (layer F.Fab) (width 0.1))
    (fp_line (start 7.56 -3.56) (end 7.56 4.06) (layer F.SilkS) (width 0.12))
    (fp_line (start -2.56 -3.56) (end -2.56 4.06) (layer F.SilkS) (width 0.12))
    (fp_line (start -2.56 4.06) (end 7.56 4.06) (layer F.SilkS) (width 0.12))
    (fp_line (start -2.56 -3.56) (end 7.56 -3.56) (layer F.SilkS) (width 0.12))
    (fp_line (start -2.56 3.5) (end 7.56 3.5) (layer F.SilkS) (width 0.12))
    (fp_line (start -2.5 2.5) (end 7.5 2.5) (layer F.Fab) (width 0.1))
    (fp_line (start -2.56 3.06) (end 7.56 3.06) (layer F.SilkS) (width 0.12))
    (fp_line (start -2.5 3.6) (end 7.5 3.6) (layer F.Fab) (width 0.1))
    (fp_line (start -2.5 3.6) (end -2.5 -3.5) (layer F.Fab) (width 0.1))
    (fp_line (start -2.1 4) (end -2.5 3.6) (layer F.Fab) (width 0.1))
    (fp_line (start 7.5 4) (end -2.1 4) (layer F.Fab) (width 0.1))
    (fp_line (start 7.5 -3.5) (end 7.5 4) (layer F.Fab) (width 0.1))
    (fp_line (start -2.5 -3.5) (end 7.5 -3.5) (layer F.Fab) (width 0.1))
    (fp_circle (center 5 0) (end 7.18 0) (layer F.SilkS) (width 0.12))
    (fp_circle (center 5 0) (end 7 0) (layer F.Fab) (width 0.1))
    (fp_circle (center 0 0) (end 2.18 0) (layer F.SilkS) (width 0.12))
    (fp_circle (center 0 0) (end 2 0) (layer F.Fab) (width 0.1))
    (fp_line (start 7.56 2.6) (end 8.16 2.6) (layer F.SilkS) (width 0.12))
    (fp_line (start 0.5 -4.3984) (end -0.5 -4.3984) (layer F.SilkS) (width 0.12))
    (fp_line (start -0.5 -4.3984) (end 0 -3.7084) (layer F.SilkS) (width 0.12))
    (fp_line (start 0.5 -4.3984) (end 0 -3.7084) (layer F.SilkS) (width 0.12))
    (pad 2 thru_hole circle (at 5 0 270) (size 2.5 2.5) (drill 1.1) (layers *.Cu *.Mask)
      (net 8 N))
    (pad 1 thru_hole rect (at 0 0 270) (size 2.5 2.5) (drill 1.1) (layers *.Cu *.Mask)
      (net 3 LOAD))
    (model ${KISYS3DMOD}/TerminalBlock_Phoenix.3dshapes/TerminalBlock_Phoenix_PT-1,5-2-5.0-H_1x02_P5.00mm_Horizontal.wrl
      (at (xyz 0 0 0))
      (scale (xyz 1 1 1))
      (rotate (xyz 0 0 0))
    )
  )

  (module Resistor_SMD:R_1206_3216Metric (layer B.Cu) (tedit 5B198B65) (tstamp 5D58391D)
    (at 122.555 69.088 180)
    (descr "Resistor SMD 1206 (3216 Metric), square (rectangular) end terminal, IPC_7351 nominal, (Body size source: http://www.tortai-tech.com/upload/download/2011102023233369053.pdf), generated with kicad-footprint-generator")
    (tags resistor)
    (path /5D3AA2C9)
    (attr smd)
    (fp_text reference R1 (at 0 1.82) (layer B.SilkS)
      (effects (font (size 1 1) (thickness 0.15)) (justify mirror))
    )
    (fp_text value 2.2k (at 0 -1.82) (layer B.Fab)
      (effects (font (size 1 1) (thickness 0.15)) (justify mirror))
    )
    (fp_text user %R (at 0 0) (layer B.Fab)
      (effects (font (size 0.8 0.8) (thickness 0.12)) (justify mirror))
    )
    (fp_line (start 2.28 -1.12) (end -2.28 -1.12) (layer B.CrtYd) (width 0.05))
    (fp_line (start 2.28 1.12) (end 2.28 -1.12) (layer B.CrtYd) (width 0.05))
    (fp_line (start -2.28 1.12) (end 2.28 1.12) (layer B.CrtYd) (width 0.05))
    (fp_line (start -2.28 -1.12) (end -2.28 1.12) (layer B.CrtYd) (width 0.05))
